time , lin_pos[m] , euler_rpy[deg] , foot1_pos[m] , foot2_pos[m] , foot3_pos[m] , foot4_pos[m] , foot1_F[N] , foot2_F[N] , foot3_F[N] , foot4_F[N] , foot1_contact , foot2_contact , foot3_contact , foot4_contact 
0,  0   0 0.9,0 0 0,0.34 0.19    0, 0.34 -0.19     0,-0.34  0.19     0,-0.34 -0.19     0,0.0734069 0.0513512  0.346107,0.00539071  0.0198677   0.186002,0.0484347 0.0869115  0.315883,0.00409117  0.0347155   0.173556
0.01,2.82009e-05 3.43322e-05    0.899389, 0.000249719  0.000338609 -3.01582e-05,0.34 0.19    0, 0.34 -0.19     0,-0.34  0.19     0,-0.34 -0.19     0, 27.5191   52.397 -343.531,-4.39495 -9.52415  11.4224, 26.2254  42.4718 -181.685, -2.4807 -4.50309 -9.06637
0.02,0.000224717 0.000273351    0.897065,-0.000800057   0.00348925 -1.50674e-05,0.34 0.19    0, 0.34 -0.19     0,-0.34  0.19     0,-0.34 -0.19     0,  60.246  104.637 -684.838,-14.4093 -31.6199  37.6103, 55.4135  79.3577 -365.015,-7.59975  -14.103 -28.0055
0.03,0.000757419 0.000921089    0.892294,-0.00584772   0.0126541  0.00020362,0.34 0.19    0, 0.34 -0.19     0,-0.34  0.19     0,-0.34 -0.19     0, 95.6418  154.499 -1009.38,-25.2577 -56.4628  67.4672, 85.4008  110.132 -540.881,-11.8501 -22.7448 -43.4727
0.04,0.00179418 0.00218158   0.884339, -0.0175917   0.0310355 0.000784253,0.34 0.19    0, 0.34 -0.19     0,-0.34  0.19     0,-0.34 -0.19     0, 131.094  199.712 -1302.97,-32.1601 -74.2486  89.7111,113.975 134.181 -700.49,-11.7288 -24.4081 -42.2969
0.05,0.00350286 0.00425885   0.872466,-0.0387303  0.0618356 0.00188518,0.34 0.19    0, 0.34 -0.19     0,-0.34  0.19     0,-0.34 -0.19     0,163.989 238.003 -1551.4,-30.3365 -75.1725  93.0595, 138.925  150.894 -835.048,-3.73284 -13.0728 -11.3072
0.06,0.00605134 0.00735695    0.85594, -0.071962   0.108257 0.00366474,0.34 0.19    0, 0.34 -0.19     0,-0.34  0.19     0,-0.34 -0.19     0, 191.716  267.102 -1740.49,-15.0069 -49.4303  66.2303, 158.038  159.656 -935.762,15.6407 17.2814 62.6676
0.07,0.00960749  0.0116799   0.834024,-0.119985  0.173501 0.0062813,0.34 0.19    0, 0.34 -0.19     0,-0.34  0.19     0,-0.34 -0.19     0, 211.661  284.736 -1856.03,16.7707 9.18556 1.99585, 169.103  159.856 -993.839,48.3012 70.0253 186.772
0.08,0.0143392 0.0174317  0.805984, -0.185498    0.26077 0.00989319,0.34 0.19    0, 0.34 -0.19     0,-0.34  0.19     0,-0.34 -0.19     0, 221.212  288.633 -1883.85, 44.4673  60.8126 -54.8735, 169.907   150.88 -1000.49,75.9978 114.951 291.939
0.09,0.0204143 0.0248165  0.771084,  -0.2712  0.373267 0.0146588,0.34 0.19    0, 0.34 -0.19     0,-0.34  0.19     0,-0.34 -0.19     0, 217.757  276.523 -1809.73, 61.0853  91.7888 -88.9952,158.239 132.117 -946.91,92.6158 141.907 355.039
0.1,0.0280006 0.0340382   0.72859,-0.379788  0.514194 0.0207364,0.34 0.19    0, 0.34 -0.19     0,-0.34  0.19     0,-0.34 -0.19     0,198.683 246.132 -1619.5, 66.6246  102.114 -100.369, 131.886  102.952 -824.316,98.1551 150.892 376.072
0.11,0.0371448 0.0451876  0.678277,-0.517343  0.685749  0.027712,0.34 0.19    0, 0.34 -0.19     0,-0.34  0.19     0,-0.34 -0.19     0, 161.376   195.19 -1298.95, 61.0853  91.7888 -88.9952, 88.6375  62.7735 -623.912,92.6158 141.907 355.039
0.12,0.0474076  0.057903  0.621972,-0.703478  0.886113 0.0328823,0.34 0.19    0, 0.34 -0.19     0,-0.34  0.19     0,-0.34 -0.19     0, 103.226  121.424 -833.892, 44.4673  60.8126 -54.8735, 26.2805  10.9688 -336.905,75.9978 114.951 291.939
0.13,0.0582286 0.0717091  0.562012,-0.961188   1.11246 0.0329715,0.34 0.19    0, 0.34 -0.19     0,-0.34  0.19     0,-0.34 -0.19     0, 21.6186  22.5637 -210.131,16.7707 9.18556 1.99585,-57.3967 -53.0749   45.499,48.3012 70.0253 186.772
0.14,0.0690473 0.0861308  0.500735, -1.31346   1.36198 0.0247038,0.34 0.19    0, 0.34 -0.19     0,-0.34  0.19     0,-0.34 -0.19     0,-80.8394 -95.9483  535.489,-15.0071 -49.4309  66.2251,-158.101 -122.652  483.015,15.6406 17.2804 62.6627
0.15,0.0793034  0.100693  0.440478, -1.78331   1.63184 0.0048036,0.34 0.19    0, 0.34 -0.19     0,-0.34  0.19     0,-0.34 -0.19     0,-186.685 -209.146  1238.67,-30.3374 -75.1756  93.0304,-254.585  -175.13  825.219,-3.73348 -13.0782 -11.3343
0.16,0.0884362  0.114921  0.383578,   -2.3937    1.91922 -0.0300049,0.34 0.19    0, 0.34 -0.19     0,-0.34  0.19     0,-0.34 -0.19     0,-290.622 -312.789  1874.07, -32.162 -74.2556  89.6456,-342.527 -210.439  1069.23,-11.7302 -24.4204  -42.358
0.17,0.0958854  0.128339  0.332375,  -3.16765    2.22129 -0.0829975,0.34 0.19    0, 0.34 -0.19     0,-0.34  0.19     0,-0.34 -0.19     0,-388.534 -404.481  2428.61,-25.2608 -56.4743  67.3603,-419.137 -230.362  1224.47,-11.8524 -22.7647 -43.5724
0.18, 0.10109 0.140472 0.289204,-4.12815  2.53524 -0.15745,0.34 0.19    0, 0.34 -0.19     0,-0.34  0.19     0,-0.34 -0.19     0,-476.305 -481.823  2889.22,-14.4135 -31.6355  37.4644,-481.624 -236.681  1300.33,-7.60295 -14.1302 -28.1415
0.19,0.103491 0.150845 0.256404, -5.29818   2.85824 -0.256638,0.34 0.19    0, 0.34 -0.19     0,-0.34  0.19     0,-0.34 -0.19     0,-549.818 -542.418  3242.81,-4.40002 -9.54281  11.2477,-527.201 -231.177  1306.22,-2.48454  -4.5357 -9.22939
0.2,0.102526 0.158983 0.236312, -6.70075   3.18747 -0.383837,0.34 0.19    0, 0.34 -0.19     0,-0.34  0.19     0,-0.34 -0.19     0,-604.957 -583.868   3476.3,-5.68434e-14 -1.13687e-13 -1.13687e-13,-553.076 -215.633  1251.54,           0 -5.68434e-14 -2.27374e-13
0.21,0.0978264  0.164548  0.230529, -8.34489   3.51971 -0.540655,0.34 0.19    0, 0.339439 -0.189817  0.001328,-0.34  0.19     0, -0.340639  -0.189664 0.00294737,-637.605 -603.777  3576.62,0 0 0,-556.461  -191.83  1145.71,0 0 0
0.22,0.0897822   0.16775  0.237707,-10.1838  3.85016 -0.72203,0.34 0.19    0,  0.337803  -0.189284 0.00512882,-0.34  0.19     0,-0.342502 -0.188684  0.011383,-643.646 -599.746  3530.69,0 0 0,-534.566  -161.55  998.127,0 0 0
0.23,0.0789748  0.168936  0.255761, -12.1567   4.17361 -0.921229,0.34 0.19    0,  0.33516 -0.188422 0.0111277,-0.34  0.19     0,-0.345513 -0.187101  0.024697,-618.964 -569.377  3325.42,0 0 0,-484.601 -126.575  818.198,0 0 0
0.24,0.0659855  0.168454  0.282606,-14.2029  4.48485 -1.13152,0.34 0.19    0, 0.331578 -0.187254 0.0190499,-0.34  0.19     0,-0.349592 -0.184956 0.0422796,-559.443 -510.274  2947.74,0 0 0,-403.777 -88.6878   615.33,0 0 0
0.25,0.0513955   0.16665  0.316157,-16.2616   4.7787 -1.34618,0.34 0.19    0, 0.327127 -0.185803 0.0286206,-0.34  0.19     0,-0.354662  -0.18229  0.063521,-460.965 -420.038  2384.56,0 0 0,-289.304 -49.6694  398.929,0 0 0
0.26,0.0357859  0.163872  0.354329, -18.272  5.04994 -1.55847,0.34 0.19    0, 0.321874  -0.18409 0.0395652,-0.34  0.19     0,-0.360643 -0.179144 0.0878114,-319.415 -296.273  1622.81,0 0 0,-138.393 -11.3019    178.4,0 0 0
0.27,0.019738 0.160467 0.395036,-20.1734  5.29337 -1.76165,0.34 0.19    0, 0.315889 -0.182139 0.0516087,-0.34  0.19     0,-0.367459 -0.175559  0.114541,-136.348 -141.051  676.499,0 0 0, 46.2369  24.2377 -34.0926,0 0 0
0.28,0.00383289   0.156782   0.436195, -21.905  5.50379 -1.94901,0.34 0.19    0, 0.309241 -0.179971 0.0644766,-0.34  0.19     0,-0.375031 -0.171577    0.1431, 19.0671 -9.44168 -119.913,0 0 0, 196.867  50.9344 -198.168,0 0 0
0.29,-0.0113481   0.153164   0.475719,-23.4061  5.67599 -2.11381,0.34 0.19    0, 0.301998 -0.177609 0.0778939,-0.34  0.19     0,-0.383281 -0.167239  0.172879, 129.665  85.1222 -685.878,0 0 0, 297.742  68.2444 -308.622,0 0 0
0.3,-0.0252239    0.14996   0.511525,-24.6159  5.80479 -2.24931,0.34 0.19    0, 0.294228 -0.175076 0.0915861,-0.34  0.19     0, -0.39213 -0.162586  0.203267, 201.082  147.255 -1050.41,0 0 0, 355.422  77.4296 -372.503,0 0 0
0.31,-0.0373415   0.147448   0.541954,-25.4897  5.88663 -2.35053,0.34 0.19    0,    0.286 -0.172393  0.105278,-0.34  0.19     0,  -0.4015 -0.157658  0.233656, 238.952   181.57 -1242.52,0 0 0, 376.469  79.7516 -396.856,0 0 0
0.32,-0.0477613   0.145621   0.567061,-26.0466  5.92469 -2.41941,0.34 0.19    0, 0.277384 -0.169584  0.118696,-0.34  0.19     0,-0.411314 -0.152497  0.263434,  248.91  192.682 -1291.23,0 0 0, 367.444  76.4724 -388.729,0 0 0
0.33,-0.0566719   0.144404   0.587329,-26.3219  5.92378 -2.45966,0.34 0.19    0,0.268447 -0.16667 0.131563,-0.34  0.19     0,-0.421492 -0.147144  0.291993, 236.593  185.206 -1225.55,0 0 0, 334.908  68.8535 -355.168,0 0 0
0.34,-0.064262  0.143719   0.60324,-26.3509  5.88874 -2.47497,0.34 0.19    0, 0.259258 -0.163673  0.143607,-0.34  0.19     0,-0.431957 -0.141641  0.318723, 207.635  163.756 -1074.49,0 0 0, 285.422  58.1568 -303.219,0 0 0
0.35,-0.0707203   0.143492   0.615276,-26.1687  5.82439 -2.46902,0.34 0.19    0, 0.249886 -0.160618  0.154551,-0.34  0.19     0,-0.442631 -0.136028  0.343013, 167.671  132.946 -867.063,0 0 0,225.549  45.644 -239.93,0 0 0
0.36,-0.0762353   0.143645    0.62392,-25.8106  5.73557 -2.44551,0.34 0.19    0,   0.2404 -0.157525  0.164122,-0.34  0.19     0,-0.453435 -0.130346  0.364255, 122.337  97.3902 -632.291,0 0 0, 161.848  32.5768 -172.346,0 0 0
0.37,-0.0809957   0.144103   0.629654,-25.3118  5.62709 -2.40814,0.34 0.19    0, 0.230867 -0.154417  0.172044,-0.34  0.19     0,-0.464291 -0.124637  0.381837, 77.2672  61.7035 -399.185,0 0 0, 100.881  20.2171 -107.514,0 0 0
0.38,-0.0851902    0.14479    0.63296,-24.7076  5.50379  -2.3606,0.34 0.19    0, 0.221358 -0.151316  0.178043,-0.34  0.19     0,-0.475121 -0.118942  0.395151, 38.0978     30.5 -196.758,0 0 0, 49.2103  9.82654 -52.4819,0 0 0
0.39,-0.0890074   0.145629   0.634321,-24.0331   5.3705 -2.30658,0.34 0.19    0, 0.211941 -0.148245  0.181844,-0.34  0.19     0,-0.485846 -0.113301  0.403587, 10.4636  8.39405 -54.0253,0 0 0, 13.3961  2.66693 -14.2949,0 0 0
0.4,-0.092636  0.146544  0.634219,-23.3236  5.23204 -2.24978,0.34 0.19    0, 0.202683 -0.145227  0.183172,-0.34  0.19     0,-0.496389 -0.107757  0.406534,          0 2.27374e-13 1.81899e-12,0 0 0,-1.36424e-12            0 -4.54747e-13,0 0 0
0.41,-0.0962331   0.147472   0.633055,-22.6084  5.09245 -2.19327,   0.33857   0.190506 0.00426709, 0.193426 -0.142208  0.181844, -0.340879   0.191423 0.00574267,-0.506933 -0.102212  0.403587,0 0 0,0 0 0,0 0 0,0 0 0
0.42,-0.0998302   0.148399   0.630911,-21.8935  4.95252 -2.13766, 0.334628  0.191901 0.0158492, 0.184008 -0.139137  0.178043,-0.343301  0.195347 0.0213299, -0.517658 -0.0965715   0.395151,0 0 0,0 0 0,0 0 0,0 0 0
0.43,-0.103427  0.149327  0.627787,-21.1787  4.81226 -2.08297, 0.328692  0.194001 0.0329175, 0.174499 -0.136037  0.172044,-0.346948  0.201254 0.0443006, -0.528488 -0.0908761   0.381837,0 0 0,0 0 0,0 0 0,0 0 0
0.44,-0.107024  0.150255  0.623681,-20.4642  4.67169 -2.02918, 0.321283  0.196622 0.0536434, 0.164967 -0.132929  0.164122,-0.351501  0.208627 0.0721936,-0.539344 -0.085167  0.364255,0 0 0,0 0 0,0 0 0,0 0 0
0.45,-0.110622  0.151183  0.618595,-19.7499   4.5308 -1.97631,0.312921 0.199581 0.076198, 0.155481 -0.129836  0.154551,-0.356639  0.216948  0.102548, -0.550148 -0.0794854   0.343013,0 0 0,0 0 0,0 0 0,0 0 0
0.46,-0.114219   0.15211  0.612529,-19.0357  4.38961 -1.92435, 0.304126  0.202693 0.0987526,0.146109 -0.12678 0.143607,-0.362043  0.225701  0.132902, -0.560822 -0.0738723   0.318723,0 0 0,0 0 0,0 0 0,0 0 0
0.47,-0.117816  0.153038  0.605481,-18.3218  4.24812  -1.8733,0.295417 0.205774 0.119478,  0.13692 -0.123784  0.131563,-0.367395  0.234368  0.160795, -0.571287 -0.0683688   0.291993,0 0 0,0 0 0,0 0 0,0 0 0
0.48,-0.121413  0.153966  0.597453, -17.608  4.10634 -1.82316,0.287315 0.208641 0.136547,0.127983 -0.12087 0.118695,-0.372373  0.242431  0.183765, -0.581465 -0.0630161   0.263434,0 0 0,0 0 0,0 0 0,0 0 0
0.49,-0.12501 0.154894 0.588445,-16.8944  3.96427 -1.77394, 0.28034 0.211109 0.148129,0.119366 -0.11806 0.105278,-0.376659  0.249372  0.199353, -0.591279 -0.0578554   0.233655,0 0 0,0 0 0,0 0 0,0 0 0
0.5,-0.128607  0.155822  0.578455, -16.181  3.82193 -1.72563,0.275011 0.212994 0.152396, 0.111139 -0.115377 0.0915857,-0.379934  0.254676  0.205095, -0.600649 -0.0529276   0.203267,0 0 0,0 0 0,0 0 0,0 0 0
0.51,-0.132204  0.156749  0.567486,-15.4678  3.67931 -1.67823,0.269682  0.21488 0.148129, 0.103369 -0.112844 0.0778935,-0.383208  0.259979  0.199353,-0.609498 -0.048274  0.172878,0 0 0,0 0 0,0 0 0,0 0 0
0.52,-0.135801  0.157677  0.555535,-14.7548  3.53642 -1.63175,0.262706 0.217348 0.136547,0.0961254 -0.110482 0.0644761,-0.387495  0.266921  0.183765, -0.617748 -0.0439357     0.1431,0 0 0,0 0 0,0 0 0,0 0 0
0.53,-0.139399  0.158605  0.542604,-14.0419  3.39328 -1.58619,0.254604 0.220215 0.119478, 0.089477 -0.108314 0.0516082,-0.392473  0.274984  0.160795,  -0.62532 -0.0399537   0.114541,0 0 0,0 0 0,0 0 0,0 0 0
0.54,-0.142996  0.159533  0.528692,-13.3291  3.24988 -1.54154, 0.245895  0.223296 0.0987523,0.0834923 -0.106363 0.0395646,-0.397824  0.283651  0.132902, -0.632136 -0.0363693  0.0878109,0 0 0,0 0 0,0 0 0,0 0 0
0.55,-0.146593   0.16046  0.513799,-12.6166  3.10623 -1.49781,   0.2371  0.226408 0.0761976,0.0782399  -0.10465   0.02862,-0.403229  0.292403  0.102547, -0.638117 -0.0332235  0.0635204,0 0 0,0 0 0,0 0 0,0 0 0
0.56,-0.15019 0.161388 0.497926,-11.9041  2.96235   -1.455, 0.228738  0.229366 0.0536428,0.0737885 -0.103198 0.0190492,-0.408367  0.300725 0.0721931, -0.643187 -0.0305574   0.042279,0 0 0,0 0 0,0 0 0,0 0 0
0.57,-0.153787  0.162316  0.481072,-11.1919  2.81823  -1.4131, 0.221329  0.231988 0.0329169,0.0702069 -0.102031  0.011127,-0.412919  0.308098 0.0443001, -0.647266 -0.0284122  0.0246963,0 0 0,0 0 0,0 0 0,0 0 0
0.58,-0.157384  0.163244  0.463237,-10.4797  2.67389 -1.37212, 0.215394  0.234088 0.0158484, 0.0675635  -0.101169 0.00512808,-0.416567  0.314005 0.0213293,-0.650277 -0.026829 0.0113823,0 0 0,0 0 0,0 0 0,0 0 0
0.59,-0.160981  0.164171  0.444422,-9.76772  2.52932 -1.33206,  0.211451   0.235483 0.00426626, 0.0659272  -0.100635 0.00132724, -0.418989   0.317929 0.00574204,  -0.65214  -0.025849 0.00294671,0 0 0,0 0 0,0 0 0,0 0 0
0.6,-0.164578  0.165099  0.424626,-9.05585  2.38454 -1.29291,    0.210021     0.235989 -8.54766e-07,   0.0653664    -0.100452 -7.62544e-07,   -0.419868     0.319352 -6.46815e-07,   -0.652779   -0.0255131 -6.74268e-07,0 0 0,0 0 0,0 0 0,0 0 0
0.61,-0.168159  0.166016  0.403972,-8.34378  2.23918  -1.2553,    0.210021     0.235989 -8.54766e-07,   0.0653664    -0.100452 -7.62544e-07,   -0.419868     0.319352 -6.46815e-07,   -0.652779   -0.0255131 -6.74268e-07,  12.316 -5.04661   23.484,-25.6501  14.2184  13.6175,-10.6013 -1.86443   26.329, 42.327 24.2722 31.5701
0.62,-0.171644   0.16687  0.383073,-7.62985  2.09137  -1.2223,    0.210021     0.235989 -8.54766e-07,   0.0653664    -0.100452 -7.62544e-07,   -0.419868     0.319352 -6.46815e-07,   -0.652779   -0.0255131 -6.74268e-07, 45.2738 -18.5875  86.3985,-83.9475  48.2446  48.4599,-38.5164 -6.94987  97.6818,142.022 83.2578 110.957
0.63,-0.174935  0.167595  0.362665,-6.91207  1.93887 -1.19759,    0.210021     0.235989 -8.54766e-07,   0.0653664    -0.100452 -7.62544e-07,   -0.419868     0.319352 -6.46815e-07,   -0.652779   -0.0255131 -6.74268e-07, 92.8885 -38.2243  177.437,-146.913  89.1355  95.5118,-77.9125 -14.4945  202.607,258.154 156.211 215.178
0.64,-0.177936   0.16813  0.343483,-6.18845  1.77944 -1.18487,    0.210021     0.235989 -8.54766e-07,   0.0653664    -0.100452 -7.62544e-07,   -0.419868     0.319352 -6.46815e-07,   -0.652779   -0.0255131 -6.74268e-07, 149.175 -61.5586  285.294,-186.567  123.948  145.758,-122.957 -23.7365  329.654,349.795 222.384 321.246
0.65,-0.18055 0.168409 0.326263,  -5.457  1.61084 -1.18782,    0.210021     0.235989 -8.54766e-07,   0.0653664    -0.100452 -7.62544e-07,   -0.419868     0.319352 -6.46815e-07,   -0.652779   -0.0255131 -6.74268e-07,208.148 -86.192 398.661,-174.931  139.738  190.183,-167.816 -33.9141   467.37,376.015 261.031 406.179
0.66,-0.182681   0.16837  0.311741,-4.71574  1.43083 -1.21013,    0.210021     0.235989 -8.54766e-07,   0.0653664    -0.100452 -7.62544e-07,   -0.419868     0.319352 -6.46815e-07,   -0.652779   -0.0255131 -6.74268e-07, 263.822 -109.726  506.234,-84.0255  123.563  219.771,-206.657 -44.2654  604.305,295.884 251.407 446.991
0.67,-0.184232  0.167947  0.300653,-3.96267  1.23716 -1.25549,    0.210021     0.235989 -8.54766e-07,   0.0653664    -0.100452 -7.62544e-07,   -0.419868     0.319352 -6.46815e-07,   -0.652779   -0.0255131 -6.74268e-07, 310.213 -129.763  596.706,103.335  66.688 227.202,-233.648 -54.0288  729.008,82.6615 179.016 426.065
0.68,-0.185106  0.167078  0.293734,-3.19581  1.02759 -1.32759,    0.210021     0.235989 -8.54766e-07,   0.0653664    -0.100452 -7.62544e-07,   -0.419868     0.319352 -6.46815e-07,   -0.652779   -0.0255131 -6.74268e-07, 341.336 -143.903   658.77,266.523 14.7223 228.147,-242.955 -62.4422  830.026,-108.012  110.541      397
0.69,-0.185207  0.165699   0.29172,-2.41316 0.799894 -1.43012,    0.210021     0.235989 -8.54766e-07,   0.0653664    -0.100452 -7.62544e-07,   -0.419868     0.319352 -6.46815e-07,   -0.652779   -0.0255131 -6.74268e-07, 351.204 -149.749   681.12, 364.436 -16.4571  228.715,-228.746 -68.7441  895.909,-222.416  69.4567  379.561
0.7,-0.184438  0.163746  0.295346,-1.61274 0.551816 -1.56676,    0.210021     0.235989 -8.54766e-07,   0.0653664    -0.100452 -7.62544e-07,   -0.419868     0.319352 -6.46815e-07,   -0.652779   -0.0255131 -6.74268e-07, 333.834 -144.902   652.45, 397.074 -26.8502  228.904,-185.187 -72.1725  915.206,-260.551  55.7618  373.748
0.71,-0.182764  0.161191  0.305047,-0.79894 0.283038 -1.73932,    0.210021     0.235989 -8.54766e-07,   0.0653664    -0.100452 -7.62544e-07,   -0.419868     0.319352 -6.46815e-07,   -0.652779   -0.0255131 -6.74268e-07,  283.24 -126.963  561.453, 364.436 -16.4571  228.715,-106.445 -71.9656  876.465,-222.416  69.4567  379.561
0.72,-0.180394  0.158147   0.32005,-0.00165817 0.000911694    -1.94208,    0.210021     0.235989 -8.54766e-07,   0.0653664    -0.100452 -7.62544e-07,   -0.419868     0.319352 -6.46815e-07,   -0.652779   -0.0255131 -6.74268e-07, 193.438 -93.5353  396.823,266.523 14.7223 228.147, 13.3113 -67.3616  768.235,-108.012  110.541      397
0.73,-0.177601  0.154766  0.339279, 0.742823 -0.285293  -2.16745,    0.210021     0.235989 -8.54766e-07,   0.0653664    -0.100452 -7.62544e-07,   -0.419868     0.319352 -6.46815e-07,   -0.652779   -0.0255131 -6.74268e-07, 58.4407 -42.2192  147.254,103.335  66.688 227.202, 179.916 -57.5988  579.064,82.6615 179.016 426.065
0.74,-0.174654  0.151196   0.36166,  1.39822 -0.566305  -2.40781,    0.210021     0.235989 -8.54766e-07,   0.0653664    -0.100452 -7.62544e-07,   -0.419868     0.319352 -6.46815e-07,   -0.652779   -0.0255131 -6.74268e-07,-107.677  18.8979 -145.465,-84.0255  123.563  219.771, 361.551 -39.5036  317.844,295.884 251.407 446.991
0.75,-0.171827  0.147587  0.386119,  1.92826 -0.832855  -2.65557,    0.210021     0.235989 -8.54766e-07,   0.0653664    -0.100452 -7.62544e-07,   -0.419868     0.319352 -6.46815e-07,   -0.652779   -0.0255131 -6.74268e-07,-243.949  58.7665 -324.388,-174.931  139.738  190.183, 447.738 -6.95357  49.3463,376.015 261.031 406.179
0.76,-0.16939  0.14409  0.41158, 2.29666 -1.07567 -2.90313,    0.210021     0.235989 -8.54766e-07,   0.0653664    -0.100452 -7.62544e-07,   -0.419868     0.319352 -6.46815e-07,   -0.652779   -0.0255131 -6.74268e-07,-347.611  78.4986 -396.683,-186.567  123.948  145.758, 447.745  36.1648 -211.356,349.795 222.384 321.246
0.77,-0.167614  0.140853  0.436969, 2.46713 -1.28549 -3.14288,    0.210021     0.235989 -8.54766e-07,   0.0653664    -0.100452 -7.62544e-07,   -0.419868     0.319352 -6.46815e-07,   -0.652779   -0.0255131 -6.74268e-07,-420.844  81.8526 -382.962,-146.913  89.1355  95.5118, 380.492  85.2629 -453.872,258.154 156.211 215.178
0.78,-0.166771  0.138028  0.461211, 2.40339 -1.45303 -3.36723,    0.210021     0.235989 -8.54766e-07,   0.0653664    -0.100452 -7.62544e-07,   -0.419868     0.319352 -6.46815e-07,   -0.652779   -0.0255131 -6.74268e-07,-465.828   72.587 -303.837,-83.9475  48.2446  48.4599, 264.902  135.752 -667.811,142.022 83.2578 110.957
0.79,-0.167133  0.135763  0.483231, 2.06917 -1.56903 -3.56857,    0.210021     0.235989 -8.54766e-07,   0.0653664    -0.100452 -7.62544e-07,   -0.419868     0.319352 -6.46815e-07,   -0.652779   -0.0255131 -6.74268e-07,-484.744  54.4605 -179.923,-25.6501  14.2184  13.6175, 119.896  183.044 -842.782, 42.327 24.2722 31.5701
0.8,-0.16897 0.134208 0.501955, 1.42818 -1.62421 -3.73931,    0.210021     0.235989 -8.54766e-07,   0.0653664    -0.100452 -7.62544e-07,   -0.419868     0.319352 -6.46815e-07,   -0.652779   -0.0255131 -6.74268e-07,-479.771  31.2316 -31.8325,-2.27374e-13 -2.27374e-13            0, -35.604  222.549 -968.394,4.54747e-13           0 2.27374e-13
0.81,-0.172431  0.133463  0.516582,0.461144  -1.6127 -3.87475,    0.210021     0.235989 -8.54766e-07, 0.0664317  -0.100744 0.00207909,   -0.419868     0.319352 -6.46815e-07, -0.651552 -0.0255122 0.00208287,-453.091  6.65866  119.822,0 0 0,-182.677   249.68 -1034.26,0 0 0
0.82,-0.177171   0.13342  0.527416,-0.78323 -1.54216 -3.98194,    0.210021     0.235989 -8.54766e-07, 0.0695406  -0.101597 0.00803179,   -0.419868     0.319352 -6.46815e-07,  -0.64797 -0.0255096 0.00804612,-406.883 -15.4997  254.427,0 0 0,  -302.4  259.847 -1029.98,0 0 0
0.83,-0.182722  0.133921  0.535031,-2.23923 -1.42363 -4.07081,    0.210021     0.235989 -8.54766e-07,0.0745625 -0.102975  0.017427,   -0.419868     0.319352 -6.46815e-07, -0.642183 -0.0255053   0.017458,-343.329 -31.4849  351.369,0 0 0,-375.854  248.462 -945.163,0 0 0
0.84,-0.188617  0.134809  0.540007,-3.84114 -1.26817 -4.15132,    0.210021     0.235989 -8.54766e-07,0.0813672 -0.104841 0.0298344,   -0.419868     0.319352 -6.46815e-07, -0.634343 -0.0254994  0.0298874,-264.607 -37.5385  390.036,0 0 0,-384.114  210.937 -769.427,0 0 0
0.85,-0.194386  0.135925  0.542918,-5.52325 -1.08682 -4.23341,    0.210021     0.235989 -8.54766e-07,0.0898241 -0.107161 0.0448237,   -0.419868     0.319352 -6.46815e-07, -0.624599 -0.0254922  0.0449033, -172.9 -29.902 349.815,0 0 0,-308.261  142.682 -492.377,0 0 0
0.86,-0.199563  0.137113  0.544343, -7.21985 -0.890646  -4.32703,    0.210021     0.235989 -8.54766e-07,0.0998029 -0.109898 0.0619646,   -0.419868     0.319352 -6.46815e-07, -0.613101 -0.0254837  0.0620746,-70.3862 -4.81679  210.092,0 0 0,-129.373  39.1095 -103.622,0 0 0
0.87,-0.203679  0.138212  0.544857, -8.86523 -0.690687  -4.44214,    0.210021     0.235989 -8.54766e-07, 0.111173 -0.113017 0.0808268,   -0.419868     0.319352 -6.46815e-07,      -0.6 -0.0254739  0.0809702, 38.5118  39.2683 -37.6525,0 0 0, 158.473 -99.3836  390.835,0 0 0
0.88,-0.206267  0.139067  0.545039, -10.3937 -0.497997  -4.58867,    0.210021     0.235989 -8.54766e-07, 0.123804 -0.116481   0.10098,   -0.419868     0.319352 -6.46815e-07, -0.585447 -0.0254631   0.101159, 124.254  76.8383 -253.439,0 0 0, 402.892 -212.791  790.823,0 0 0
0.89,-0.206858  0.139519  0.545464, -11.7395 -0.323624  -4.77657,    0.210021     0.235989 -8.54766e-07, 0.137566 -0.120256  0.121994,   -0.419868     0.319352 -6.46815e-07, -0.569591 -0.0254513    0.12221,181.242 101.016 -398.96,0 0 0, 563.62 -286.45 1049.19,0 0 0
0.9,-0.204984  0.139409  0.546711,-12.8369 -0.17862  -5.0158,    0.210021     0.235989 -8.54766e-07, 0.152327 -0.124305  0.143438,   -0.419868     0.319352 -6.46815e-07, -0.552582 -0.0254387   0.143692, 213.286  113.608 -483.439,0 0 0,651.817  -325.7 1185.02,0 0 0
0.91,-0.200304  0.138619  0.549218,  -13.6365 -0.0714722   -5.31363,    0.210021     0.235989 -8.54766e-07, 0.167958 -0.128593  0.164882,   -0.419868     0.319352 -6.46815e-07, -0.534572 -0.0254253   0.165174, 224.197  116.423 -516.098,0 0 0, 678.644 -335.878  1217.38,0 0 0
0.92,-0.192985  0.137182  0.552886,    -14.1533 -0.000418667     -5.66663,    0.210021     0.235989 -8.54766e-07, 0.184329 -0.133083  0.185895,   -0.419868     0.319352 -6.46815e-07,  -0.51571 -0.0254113   0.186225, 217.783  111.268 -506.162,0 0 0, 655.263 -322.322  1165.35,0 0 0
0.93,-0.183321  0.135169  0.557476, -14.4187 0.0388649   -6.0687,    0.210021     0.235989 -8.54766e-07,0.201308 -0.13774 0.206048,   -0.419868     0.319352 -6.46815e-07, -0.496146 -0.0253968   0.206414, 197.855  99.9507 -462.853,0 0 0, 592.833 -290.371     1048,0 0 0
0.94,-0.171603  0.132654  0.562749, -14.4641 0.0507031  -6.51374,    0.210021     0.235989 -8.54766e-07, 0.218765 -0.142529  0.224911,   -0.419868     0.319352 -6.46815e-07, -0.476032 -0.0253818    0.22531, 168.222  84.2779 -395.394,0 0 0, 502.516 -245.361  884.411,0 0 0
0.95,-0.158126  0.129707  0.568469,-14.3208  0.03942 -6.99565,    0.210021     0.235989 -8.54766e-07,  0.23657 -0.147413  0.242052,   -0.419868     0.319352 -6.46815e-07, -0.455517 -0.0253666   0.242481, 132.696  66.0574 -313.009,0 0 0,395.474 -192.63 693.654,0 0 0
0.96,-0.143182    0.1264  0.574398,  -14.0201 0.00934027   -7.50833,    0.210021     0.235989 -8.54766e-07, 0.254593 -0.152356  0.257041,   -0.419868     0.319352 -6.46815e-07, -0.434751 -0.0253512   0.257497, 95.0853  47.0966 -224.921,0 0 0, 282.866 -137.518  494.806,0 0 0
0.97,-0.127066  0.122806  0.580297,  -13.5933 -0.0352118   -8.04567,    0.210021     0.235989 -8.54766e-07, 0.272702 -0.157324  0.269448,   -0.419868     0.319352 -6.46815e-07, -0.413885 -0.0253357   0.269926, 59.2004   29.203 -140.353,0 0 0, 175.853 -85.3605  306.941,0 0 0
0.98,-0.11007 0.118996 0.585929,  -13.0719 -0.0899119   -8.60157,    0.210021     0.235989 -8.54766e-07, 0.290768 -0.162279  0.278843,   -0.419868     0.319352 -6.46815e-07, -0.393069 -0.0253202   0.279338, 28.8513  14.1841 -68.5278,0 0 0, 85.5976 -41.4966  149.135,0 0 0
0.99,-0.092487  0.115043  0.591056, -12.4871 -0.150436  -9.16994,    0.210021     0.235989 -8.54766e-07, 0.308661 -0.167187  0.284796,   -0.419868     0.319352 -6.46815e-07, -0.372454 -0.0253049   0.285301, 7.84782  3.84727 -18.6692,0 0 0, 23.2596 -11.2638  40.4629,0 0 0
1,-0.074611  0.111017   0.59544, -11.8703 -0.212458  -9.74467,    0.210021     0.235989 -8.54766e-07, 0.326248 -0.172011  0.286876,   -0.419868     0.319352 -6.46815e-07, -0.352189 -0.0252898   0.287385, 2.27374e-13            0 -4.54747e-13,0 0 0, 1.81899e-12 -9.09495e-13            0,0 0 0
1.01,-0.0566861    0.10698   0.598883, -11.2477 -0.272376  -10.3207,  0.216819   0.234771 0.00625275, 0.343836 -0.176835  0.284796, -0.413357   0.319076 0.00604774, -0.331924 -0.0252748   0.285301,0 0 0,0 0 0,0 0 0,0 0 0
1.02,-0.0387612   0.102942   0.601345, -10.6243 -0.329463  -10.8969, 0.235562  0.231415 0.0232268, 0.361728 -0.181743  0.278843,-0.395404  0.318316 0.0224648, -0.311309 -0.0252594   0.279338,0 0 0,0 0 0,0 0 0,0 0 0
1.03,-0.0208364  0.0989049   0.602827, -10.0004 -0.383714  -11.4734, 0.263781  0.226361 0.0482412, 0.379794 -0.186699  0.269448,-0.368376  0.317173 0.0466584,-0.290493 -0.025244  0.269926,0 0 0,0 0 0,0 0 0,0 0 0
1.04,-0.00291151   0.0948675    0.603328, -9.37589 -0.435124  -12.0501, 0.299004  0.220053 0.0786158, 0.397904 -0.191666  0.257041, -0.33464  0.315745 0.0760362, -0.269627 -0.0252285   0.257497,0 0 0,0 0 0,0 0 0,0 0 0
1.05,0.0150134   0.09083  0.602848, -8.75083 -0.483688  -12.6271,0.338757 0.212934 0.111671,0.415927 -0.19661 0.242052,-0.296563  0.314134  0.108006,-0.248861 -0.025213  0.242481,0 0 0,0 0 0,0 0 0,0 0 0
1.06,0.0329382 0.0867926  0.601388,-8.12525  -0.5294 -13.2042,0.380571 0.205446 0.144725, 0.433732 -0.201494  0.224911,-0.256514  0.312439  0.139976, -0.228346 -0.0251978    0.22531,0 0 0,0 0 0,0 0 0,0 0 0
1.07,0.0508631 0.0827551  0.598947, -7.49918 -0.572255  -13.7815,0.421972 0.198032   0.1751, 0.451189 -0.206282  0.206049,-0.216859  0.310761  0.169354, -0.208231 -0.0251829   0.206414,0 0 0,0 0 0,0 0 0,0 0 0
1.08, 0.068788 0.0787177  0.595525, -6.87265 -0.612248  -14.3591, 0.46049 0.191134 0.200114, 0.468168 -0.210939  0.185896,-0.179967  0.309199  0.193548, -0.188668 -0.0251683   0.186225,0 0 0,0 0 0,0 0 0,0 0 0
1.09,0.0867128 0.0746803  0.591123,  -6.2457 -0.649373  -14.9367,0.493652 0.185195 0.217088,0.484538 -0.21543 0.164882,-0.148203  0.307855  0.209965, -0.169806 -0.0251543   0.165175,0 0 0,0 0 0,0 0 0,0 0 0
1.1, 0.104638 0.0706428   0.58574, -5.61836 -0.683625  -15.5146,0.518987 0.180658 0.223342,  0.50017 -0.219717  0.143438,-0.123937  0.306828  0.216013, -0.151795 -0.0251409   0.143692,0 0 0,0 0 0,0 0 0,0 0 0
1.11, 0.122563 0.0666054  0.579376,-4.99065   -0.715 -16.0925,0.544323 0.176121 0.217088, 0.514931 -0.223766  0.121994,-0.0996707   0.305801   0.209965, -0.134787 -0.0251283    0.12221,0 0 0,0 0 0,0 0 0,0 0 0
1.12, 0.140487 0.0625679  0.572032,  -4.3626 -0.743495  -16.6707,0.577485 0.170182 0.200114, 0.528693 -0.227541   0.10098,-0.0679075   0.304457   0.193548, -0.118931 -0.0251165    0.10116,0 0 0,0 0 0,0 0 0,0 0 0
1.13, 0.158412 0.0585305  0.563707, -3.73426 -0.769107  -17.2489,0.616003 0.163284   0.1751, 0.541324 -0.231006 0.0808273,-0.0310148   0.302896   0.169354, -0.104377 -0.0251057  0.0809707,0 0 0,0 0 0,0 0 0,0 0 0
1.14, 0.176337 0.0544931  0.554401, -3.10565 -0.791834  -17.8272,0.657404  0.15587 0.144726, 0.552694 -0.234124 0.0619652,0.00863991   0.301218   0.139977,-0.0912765  -0.025096  0.0620751,0 0 0,0 0 0,0 0 0,0 0 0
1.15, 0.194262 0.0504556  0.544115,  -2.4768 -0.811675  -18.4057,0.699218 0.148381 0.111671, 0.562673 -0.236862 0.0448244,0.0486892  0.299523  0.108007,-0.0797789 -0.0250874  0.0449039,0 0 0,0 0 0,0 0 0,0 0 0
1.16, 0.212187 0.0464182  0.532848, -1.84775 -0.828627  -18.9842, 0.738971  0.141262 0.0786164,  0.57113 -0.239181 0.0298351,0.0867656  0.297912 0.0760367,-0.0700348 -0.0250802   0.029888,0 0 0,0 0 0,0 0 0,0 0 0
1.17, 0.230112 0.0423807    0.5206, -1.21853 -0.842688  -19.5628, 0.774193  0.134954 0.0482419, 0.577934 -0.241048 0.0174277, 0.120502  0.296484 0.0466589,-0.0621944 -0.0250743  0.0174586,0 0 0,0 0 0,0 0 0,0 0 0
1.18, 0.248037 0.0383433  0.507372,-0.589158 -0.853856  -20.1414, 0.802412  0.129901 0.0232276,  0.582956  -0.242425 0.00803253,  0.14753   0.29534 0.0224654,-0.0564081   -0.02507 0.00804678,0 0 0,0 0 0,0 0 0,0 0 0
1.19, 0.265962 0.0343059  0.493163,0.0403188 -0.862129  -20.7201,  0.821156   0.126544 0.00625357,  0.586065  -0.243278 0.00207985,  0.165483   0.294581 0.00604837, -0.052826 -0.0250674 0.00208354,0 0 0,0 0 0,0 0 0,0 0 0
1.2, 0.283886 0.0302684  0.477973, 0.669874 -0.867504  -21.2988,    0.827954     0.125327 -2.28681e-09,     0.58713     -0.24357 -1.53476e-09,    0.171994     0.294305 -2.80454e-09,  -0.0515986   -0.0250665 -2.58305e-09,0 0 0,0 0 0,0 0 0,0 0 0
1.21, 0.301776 0.0262476  0.461868,  1.29503 -0.870051  -21.8755,    0.827954     0.125327 -2.28681e-09,     0.58713     -0.24357 -1.53476e-09,    0.171994     0.294305 -2.80454e-09,  -0.0515986   -0.0250665 -2.58305e-09,-6.82919 -2.57747  17.0226,9.44352 3.66267  9.7458,-12.5238  7.41756 -10.7062,-0.503806    9.4642   29.3363
1.22, 0.319452 0.0223263   0.44517,  1.89355 -0.870124  -22.4398,    0.827954     0.125327 -2.28681e-09,     0.58713     -0.24357 -1.53476e-09,    0.171994     0.294305 -2.80454e-09,  -0.0515986   -0.0250665 -2.58305e-09,-25.1706 -9.39734  62.8936,31.3746 13.6621 37.7275,-46.073 27.2508 -39.072,-1.6035 32.4153 102.966
1.23, 0.336703 0.0186041  0.428269,  2.43873 -0.868149  -22.9795,    0.827954     0.125327 -2.28681e-09,     0.58713     -0.24357 -1.53476e-09,    0.171994     0.294305 -2.80454e-09,  -0.0515986   -0.0250665 -2.58305e-09,-51.8049 -19.0908  129.818,56.1941 28.5154 82.0613,-94.6139  55.8706 -79.4684,-2.6815 60.6908 199.321
1.24, 0.353316 0.0151807  0.411552,  2.90388 -0.864551  -23.4822,    0.827954     0.125327 -2.28681e-09,     0.58713     -0.24357 -1.53476e-09,    0.171994     0.294305 -2.80454e-09,  -0.0515986   -0.0250665 -2.58305e-09,-83.5128 -30.2892  210.001,74.3028 46.7396 140.864,-152.113  89.6478 -126.266,-3.12022  86.1286  296.831
1.25, 0.369077 0.0121555  0.395409,  3.26232 -0.859756  -23.9356,    0.827954     0.125327 -2.28681e-09,     0.58713     -0.24357 -1.53476e-09,    0.171994     0.294305 -2.80454e-09,  -0.0515986   -0.0250665 -2.58305e-09,-117.075 -41.6235  295.647,76.1014 66.8519 212.251,-212.538  124.953 -173.837,-2.30207  100.566   373.93
1.26,  0.383774 0.00962807   0.380227,  3.48736 -0.854189  -24.3274,    0.827954     0.125327 -2.28681e-09,     0.58713     -0.24357 -1.53476e-09,    0.171994     0.294305 -2.80454e-09,  -0.0515986   -0.0250665 -2.58305e-09,-149.273 -51.7252  378.961,51.9909 87.3694  294.34,-269.853  158.158  -216.55,0.390524  95.8416  409.047
1.27,  0.397195 0.00769806   0.366396,   3.5523 -0.848277  -24.6452,    0.827954     0.125327 -2.28681e-09,     0.58713     -0.24357 -1.53476e-09,    0.171994     0.294305 -2.80454e-09,  -0.0515986   -0.0250665 -2.58305e-09,-176.886 -59.2253  452.148,-4.13943  106.613    383.3,-318.027  185.632 -248.778,5.31612 66.2805 385.747
1.28,0.409125 0.006465 0.354304,  3.43045 -0.842444  -24.8766,    0.827954     0.125327 -2.28681e-09,     0.58713     -0.24357 -1.53476e-09,    0.171994     0.294305 -2.80454e-09,  -0.0515986   -0.0250665 -2.58305e-09,-196.696 -62.7551  507.413,-53.6922  120.997  452.504,-351.025  203.748 -264.891,9.54183 38.4878  355.58
1.29,  0.419353 0.00602844   0.344338,  3.09513 -0.837117  -25.0094,    0.827954     0.125327 -2.28681e-09,     0.58713     -0.24357 -1.53476e-09,    0.171994     0.294305 -2.80454e-09,  -0.0515986   -0.0250665 -2.58305e-09,-205.483 -60.9458  536.962,-83.4238  129.627  494.026,-362.814  208.875  -259.26,12.0773 21.8121  337.48
1.3,  0.427666 0.00648796   0.336889,  2.51965 -0.832721  -25.0312,    0.827954     0.125327 -2.28681e-09,     0.58713     -0.24357 -1.53476e-09,    0.171994     0.294305 -2.80454e-09,  -0.0515986   -0.0250665 -2.58305e-09,-200.028 -52.4286  532.998,-93.3344  132.503  507.867,-347.361  197.384 -226.257,12.9224 16.2535 331.447
1.31,   0.43394 0.00790737   0.332223,  1.69008 -0.829172   -24.933,    0.827954     0.125327 -2.28681e-09,     0.58713     -0.24357 -1.53476e-09,    0.171994     0.294305 -2.80454e-09,  -0.0515986   -0.0250665 -2.58305e-09,-177.112 -35.8347  487.728,-83.4238  129.627  494.026,-298.632  165.647 -160.251,12.0773 21.8121  337.48
1.32, 0.438409 0.0102075  0.330122,0.643638 -0.82435 -24.7196,    0.827954     0.125327 -2.28681e-09,     0.58713     -0.24357 -1.53476e-09,    0.171994     0.294305 -2.80454e-09,  -0.0515986   -0.0250665 -2.58305e-09,-133.515 -9.79544  393.355,-53.6922  120.997  452.504,-210.594  110.034 -55.6137,9.54183 38.4878  355.58
1.33, 0.441395 0.0132734  0.330249,-0.569706 -0.815624  -24.3988,    0.827954     0.125327 -2.28681e-09,     0.58713     -0.24357 -1.53476e-09,    0.171994     0.294305 -2.80454e-09,  -0.0515986   -0.0250665 -2.58305e-09,-66.019 27.0581 242.085,-4.13943  106.613    383.3,-77.2124  26.9167  93.2834,5.31612 66.2805 385.747
1.34, 0.443221 0.0169901  0.332265, -1.89997 -0.800366  -23.9788,    0.827954     0.125327 -2.28681e-09,     0.58713     -0.24357 -1.53476e-09,    0.171994     0.294305 -2.80454e-09,  -0.0515986   -0.0250665 -2.58305e-09,19.7054 69.1527 55.5529,51.9909 87.3694  294.34, 79.3174 -71.1285  263.914,0.390524  95.8416  409.047
1.35, 0.444211 0.0212427   0.33583, -3.29719 -0.775945  -23.4676,    0.827954     0.125327 -2.28681e-09,     0.58713     -0.24357 -1.53476e-09,    0.171994     0.294305 -2.80454e-09,  -0.0515986   -0.0250665 -2.58305e-09, 96.2945  95.7462 -78.2498,76.1014 66.8519 212.251, 175.574 -135.975   372.73,-2.30207  100.566   373.93
1.36, 0.444687 0.0259163  0.340608, -4.71137 -0.739732  -22.8731,    0.827954     0.125327 -2.28681e-09,     0.58713     -0.24357 -1.53476e-09,    0.171994     0.294305 -2.80454e-09,  -0.0515986   -0.0250665 -2.58305e-09, 161.169  107.428 -159.462,74.3028 46.7396 140.864, 215.381 -169.144  423.257,-3.12022  86.1286  296.831
1.37,0.444971 0.030896 0.346258, -6.09254 -0.689096  -22.2035,    0.827954     0.125327 -2.28681e-09,     0.58713     -0.24357 -1.53476e-09,    0.171994     0.294305 -2.80454e-09,  -0.0515986   -0.0250665 -2.58305e-09, 213.906  106.539 -195.573,56.1941 28.5154 82.0613, 209.708 -176.243  426.155,-2.6815 60.6908 199.321
1.38, 0.445388 0.0360668  0.352444, -7.39073 -0.621408  -21.4667,    0.827954     0.125327 -2.28681e-09,     0.58713     -0.24357 -1.53476e-09,    0.171994     0.294305 -2.80454e-09,  -0.0515986   -0.0250665 -2.58305e-09,  254.08  95.4225 -194.075,31.3746 13.6621 37.7275, 169.526 -162.881  392.083,-1.6035 32.4153 102.966
1.39, 0.446259 0.0413137  0.358825, -8.55595 -0.534037  -20.6707,    0.827954     0.125327 -2.28681e-09,     0.58713     -0.24357 -1.53476e-09,    0.171994     0.294305 -2.80454e-09,  -0.0515986   -0.0250665 -2.58305e-09, 281.269  76.4207 -162.459,9.44352 3.66267  9.7458, 105.806 -134.668  331.699,-0.503806    9.4642   29.3363
1.4, 0.447907 0.0465219  0.365064, -9.53824 -0.424355  -19.8236,    0.827954     0.125327 -2.28681e-09,     0.58713     -0.24357 -1.53476e-09,    0.171994     0.294305 -2.80454e-09,  -0.0515986   -0.0250665 -2.58305e-09, 295.048  51.8758 -108.214,  1.7053e-13  1.42109e-14 -8.52651e-14, 29.5191 -97.2115  255.662,-3.55271e-15            0            0
1.41, 0.450591 0.0515872  0.370903, -10.2995 -0.291091  -18.9341,    0.827954     0.125327 -2.28681e-09,  0.588601  -0.243404 0.00127478,    0.171994     0.294305 -2.80454e-09,-0.0502346 -0.0253874 0.00130367, 294.993  24.1301 -38.8318,0 0 0,-48.3641 -56.1204   174.63,0 0 0
1.42, 0.454309 0.0564482  0.376407, -10.8493 -0.138418  -18.0139,    0.827954     0.125327 -2.28681e-09,  0.592892  -0.242918 0.00492329,    0.171994     0.294305 -2.80454e-09,-0.0462538 -0.0263239 0.00503487, 280.681 -4.47423  38.1972,0 0 0,-116.873 -17.0037   99.264,0 0 0
1.43, 0.458996 0.0610546   0.38172,-11.2091 0.028132 -17.0756,    0.827954     0.125327 -2.28681e-09, 0.599823 -0.242133 0.0106818,    0.171994     0.294305 -2.80454e-09,-0.0398233 -0.0278367  0.0109239, 251.688 -31.5948  115.382,0 0 0,-165.036    14.53   40.221,0 0 0
1.44, 0.464586 0.0653557  0.386988,-11.4004 0.203026 -16.1314,    0.827954     0.125327 -2.28681e-09, 0.609215  -0.24107 0.0182865,    0.171994     0.294305 -2.80454e-09,-0.0311101 -0.0298866   0.018701,  207.59 -54.8893  185.233,0 0 0,-181.883  32.8721  8.16048,0 0 0
1.45, 0.471014 0.0693011  0.392357,-11.4447 0.380733 -15.1939,    0.827954     0.125327 -2.28681e-09, 0.620887 -0.239748 0.0274737,    0.171994     0.294305 -2.80454e-09,-0.0202813 -0.0324342  0.0280964, 147.963 -72.0156  240.258,0 0 0,-156.443  32.4136  13.7411,0 0 0
1.46, 0.478213 0.0728402  0.397971,-11.3633 0.555719 -14.2755,    0.827954     0.125327 -2.28681e-09,  0.63466 -0.238188 0.0379797,    0.171994     0.294305 -2.80454e-09,-0.00750387  -0.0354403   0.0388405, 72.3841 -80.6313  272.967,0 0 0,-77.7456  7.54593  67.6217,0 0 0
1.47, 0.486118 0.0759226  0.403975,-11.1778 0.722452 -13.3886,    0.827954     0.125327 -2.28681e-09, 0.650354 -0.236411 0.0495406,    0.171994     0.294305 -2.80454e-09,0.00705519 -0.0388654  0.0506635,-17.1086 -79.0185  277.376,0 0 0,  58.582 -44.3921  174.446,0 0 0
1.48, 0.494664 0.0784976  0.410516,-10.9097   0.8754 -12.5457,    0.827954     0.125327 -2.28681e-09, 0.667787 -0.234437 0.0618928,    0.171994     0.294305 -2.80454e-09, 0.0232288 -0.0426705  0.0632956,-89.7213 -73.7263  268.193,0 0 0, 176.033 -89.6689   264.96,0 0 0
1.49, 0.503784 0.0805148  0.417739,-10.5803  1.00903 -11.7592,    0.827954     0.125327 -2.28681e-09, 0.686782 -0.232287 0.0747725,    0.171994     0.294305 -2.80454e-09,   0.04085 -0.0468161  0.0764672,-138.532 -67.3257  252.119,0 0 0,253.889 -118.91  320.38,0 0 0
1.5, 0.513413 0.0819237  0.425788,-10.2112  1.11781 -11.0416,    0.827954     0.125327 -2.28681e-09, 0.707156  -0.22998 0.0879159,    0.171994     0.294305 -2.80454e-09, 0.0597517 -0.0512629  0.0899085,-166.672 -60.0834   230.48,0 0 0, 297.407 -134.275  345.554,0 0 0
1.51, 0.523489 0.0826932  0.434752,-9.82058  1.19762 -10.4018,    0.827954     0.125327 -2.28681e-09,  0.72873 -0.227537  0.101059,    0.171994     0.294305 -2.80454e-09,  0.079767 -0.0559717    0.10335,-177.273 -52.2658  204.604,0 0 0,  311.84 -137.925  345.329,0 0 0
1.52, 0.533964 0.0828697  0.444494,-9.41351  1.24998  -9.8352,    0.827954     0.125327 -2.28681e-09, 0.751325 -0.224978  0.113939,    0.171994     0.294305 -2.80454e-09,  0.100729 -0.0609032   0.116521,-173.465 -44.1395  175.817,0 0 0, 302.444 -132.019   324.55,0 0 0
1.53, 0.544793 0.0825191  0.454816,-8.99188  1.27783 -9.33371,    0.827954     0.125327 -2.28681e-09,  0.77476 -0.222325  0.126291,    0.171994     0.294305 -2.80454e-09,   0.12247 -0.0660181   0.129154,-158.379  -35.971  145.448,0 0 0, 274.473 -118.719  288.064,0 0 0
1.54, 0.555932 0.0817074  0.465525,-8.55754  1.28411 -8.88922,    0.827954     0.125327 -2.28681e-09, 0.798855 -0.219596  0.137852,    0.171994     0.294305 -2.80454e-09, 0.144823 -0.071277  0.140977,-135.146 -28.0269  114.822,0 0 0, 233.183 -100.183  240.719,0 0 0
1.55, 0.567337 0.0805003  0.476425,-8.11234  1.27174 -8.49361,    0.827954     0.125327 -2.28681e-09, 0.823431 -0.216814  0.148358,    0.171994     0.294305 -2.80454e-09,  0.167622 -0.0766407   0.151721,-106.897 -20.5737  85.2667,0 0 0, 183.828 -78.5721   187.36,0 0 0
1.56, 0.578964 0.0789638   0.48732,-7.65813  1.24368 -8.13881,    0.827954     0.125327 -2.28681e-09, 0.848306 -0.213997  0.157545,    0.171994     0.294305 -2.80454e-09,    0.1907 -0.0820699   0.161116,-76.7633 -13.8779  58.1095,0 0 0, 131.663 -56.0465  132.835,0 0 0
1.57, 0.590768 0.0771638  0.498016,-7.19677  1.20284 -7.81669,    0.827954     0.125327 -2.28681e-09, 0.873301 -0.211167   0.16515,    0.171994     0.294305 -2.80454e-09,  0.213888 -0.0875254   0.168893,-47.8758 -8.20614  34.6772,0 0 0, 81.9426 -34.7664  81.9896,0 0 0
1.58, 0.602705 0.0751661  0.508317,-6.73011  1.15217 -7.51917,    0.827954     0.125327 -2.28681e-09, 0.898237 -0.208343  0.170908,    0.171994     0.294305 -2.80454e-09,  0.237021 -0.0929677   0.174782,-23.3655 -3.82487  16.2968,0 0 0, 39.9222 -16.8918  39.6709,0 0 0
1.59, 0.614731 0.0730367  0.518027,   -6.26  1.09461 -7.23813,    0.827954     0.125327 -2.28681e-09, 0.922932 -0.205547  0.174557,    0.171994     0.294305 -2.80454e-09,  0.259932 -0.0983576   0.178513,-6.36319 -1.00064  4.29537,0 0 0, 10.8563 -4.58299  10.7255,0 0 0
1.6, 0.626801 0.0708414  0.526953,-5.78831  1.03309 -6.96549,    0.827954     0.125327 -2.28681e-09, 0.947207 -0.202798  0.175832,    0.171994     0.294305 -2.80454e-09, 0.282452 -0.103656  0.179817, 4.54747e-13  1.42109e-14 -1.13687e-13,0 0 0,           0            0 -2.27374e-13,0 0 0
1.61, 0.638878 0.0686351   0.53493,-5.31656 0.970048 -6.69449,  0.833637   0.126487 0.00560154,0.971482 -0.20005 0.174557,  0.176978   0.293726 0.00571928, 0.304973 -0.108954  0.178513,0 0 0,0 0 0,0 0 0,0 0 0
1.62, 0.650956 0.0664288  0.541927,-4.84509 0.905989 -6.42379,  0.84931  0.129685 0.0208057, 0.996178 -0.197253  0.170908, 0.190723   0.29213 0.0212431, 0.327883 -0.114344  0.174782,0 0 0,0 0 0,0 0 0,0 0 0
1.63, 0.663033 0.0642225  0.547943,-4.37388 0.840911 -6.15338, 0.872905    0.1345 0.0432119, 1.02111 -0.19443  0.16515, 0.211417  0.289727 0.0441202, 0.351016 -0.119786  0.168893,0 0 0,0 0 0,0 0 0,0 0 0
1.64, 0.675111 0.0620161  0.552978,-3.90296 0.774818 -5.88327, 0.902356   0.14051 0.0704194, 1.04611  -0.1916 0.157545, 0.237246  0.286727 0.0718996, 0.374205 -0.125242  0.161116,0 0 0,0 0 0,0 0 0,0 0 0
1.65, 0.687188 0.0598098  0.557032,-3.43231  0.70771 -5.61346,0.935596 0.147293 0.100028,  1.07098 -0.188783  0.148358,0.266398 0.283342  0.10213, 0.397282 -0.130671  0.151721,0 0 0,0 0 0,0 0 0,0 0 0
1.66, 0.699265 0.0576035  0.560106,-2.96195 0.639593 -5.34395,0.970558 0.154428 0.129636, 1.09556   -0.186 0.137852,0.297061 0.279781 0.132361, 0.420081 -0.136035  0.140977,0 0 0,0 0 0,0 0 0,0 0 0
1.67, 0.711343 0.0553972    0.5622,-2.49188 0.570468 -5.07475, 1.00518 0.161492 0.156843,  1.11965 -0.183272  0.126291,0.327421 0.276255  0.16014, 0.442435 -0.141294  0.129154,0 0 0,0 0 0,0 0 0,0 0 0
1.68,  0.72342 0.0531909  0.563312, -2.0221 0.500339 -4.80585, 1.03738 0.168064 0.179249,  1.14309 -0.180618  0.113939,0.355667 0.272975 0.183017, 0.464176 -0.146408  0.116521,0 0 0,0 0 0,0 0 0,0 0 0
1.69, 0.735498 0.0509846  0.563444,-1.55262 0.429208 -4.53727, 1.06511 0.173723 0.194454, 1.16568 -0.17806 0.101059,0.379985 0.270151 0.198541,0.485138 -0.15134  0.10335,0 0 0,0 0 0,0 0 0,0 0 0
1.7, 0.747575 0.0487783  0.562595,-1.08344 0.357078   -4.269,  1.0863 0.178046 0.200055,  1.18726 -0.175617 0.0879159,0.398564 0.267994  0.20426, 0.505153 -0.156049 0.0899085,0 0 0,0 0 0,0 0 0,0 0 0
1.71,0.759652 0.046572 0.560766,-0.614574  0.283952  -4.00105, 1.10748 0.182369 0.194454,  1.20763  -0.17331 0.0747725,0.417143 0.265836 0.198541, 0.524055 -0.160496 0.0764672,0 0 0,0 0 0,0 0 0,0 0 0
1.72,  0.77173 0.0443657  0.557956,-0.146017  0.209833  -3.73341, 1.13521 0.188027 0.179249,  1.22663 -0.171159 0.0618928,0.441461 0.263012 0.183017, 0.541676 -0.164641 0.0632956,0 0 0,0 0 0,0 0 0,0 0 0
1.73, 0.783807 0.0421594  0.554165,0.322223 0.134724  -3.4661, 1.16742 0.194599 0.156843,  1.24406 -0.169185 0.0495406,0.469707 0.259732  0.16014,  0.55785 -0.168446 0.0506635,0 0 0,0 0 0,0 0 0,0 0 0
1.74, 0.795885 0.0399531  0.549394, 0.790143 0.0586286   -3.1991, 1.20203 0.201664 0.129636,  1.25975 -0.167408 0.0379797,0.500068 0.256206 0.132361, 0.572409 -0.171871 0.0388405,0 0 0,0 0 0,0 0 0,0 0 0
1.75, 0.807962 0.0377468  0.543642,   1.25774 -0.0184511   -2.93243,   1.237 0.208798 0.100028,  1.27353 -0.165849 0.0274737, 0.53073 0.252645  0.10213, 0.585186 -0.174877 0.0280964,0 0 0,0 0 0,0 0 0,0 0 0
1.76, 0.820039 0.0355404  0.536909,   1.72501 -0.0965116   -2.66608,  1.27024  0.215581 0.0704194,   1.2852 -0.164527 0.0182865, 0.559882   0.24926 0.0718996, 0.596015 -0.177425  0.018701,0 0 0,0 0 0,0 0 0,0 0 0
1.77, 0.832117 0.0333341  0.529195, 2.19194 -0.17555 -2.40006,  1.29969  0.221591 0.0432119,  1.29459 -0.163464 0.0106818, 0.585711   0.24626 0.0441202, 0.604728 -0.179475 0.0109239,0 0 0,0 0 0,0 0 0,0 0 0
1.78, 0.844194 0.0311278  0.520501,  2.65854 -0.255563  -2.13437,  1.32328  0.226406 0.0208057,   1.30152  -0.162679 0.00492329, 0.606405  0.243857 0.0212431,  0.611159  -0.180988 0.00503488,0 0 0,0 0 0,0 0 0,0 0 0
1.79, 0.856272 0.0289215  0.510827,  3.12479 -0.336549  -1.86901,   1.33895   0.229605 0.00560154,   1.30581  -0.162193 0.00127478,   0.62015   0.242261 0.00571928,  0.615139  -0.181924 0.00130367,0 0 0,0 0 0,0 0 0,0 0 0
1.8, 0.868349 0.0267152  0.500171,  3.59071 -0.418503  -1.60399,     1.34464     0.230764 -1.61706e-09,    1.30728   -0.162026 3.09478e-09,    0.625134     0.241682 -1.79759e-09,   0.616503   -0.182245 3.01539e-10,0 0 0,0 0 0,0 0 0,0 0 0
1.81, 0.880409 0.0245114  0.488576,  4.05344 -0.500942  -1.33999,     1.34464     0.230764 -1.61706e-09,    1.30728   -0.162026 3.09478e-09,    0.625134     0.241682 -1.79759e-09,   0.616503   -0.182245 3.01538e-10,-1.22878 0.729839  15.9367,-4.05367 -5.64033  15.1014,-0.451637  -1.14695   18.2235,-6.58899 -6.15214  8.71974
1.82, 0.892365 0.0223227  0.476246,  4.49887 -0.581466  -1.08047,     1.34464     0.230764 -1.61706e-09,    1.30728   -0.162026 3.09478e-09,    0.625134     0.241682 -1.79759e-09,   0.616503   -0.182245 3.01538e-10,-5.15574  2.15622  56.0668,-14.8297 -19.1424   54.356,-2.20321 -3.86768  62.2483,-22.5589 -20.3849  31.4501
1.83, 0.904111 0.0201642  0.463426,  4.91003 -0.657192 -0.829587,     1.34464     0.230764 -1.61706e-09,    1.30728   -0.162026 3.09478e-09,    0.625134     0.241682 -1.79759e-09,   0.616503   -0.182245 3.01538e-10,-12.1418  3.13445   108.87,-30.2506  -35.378  108.689,-5.84972 -7.08199  116.106,-42.2143 -36.3626  63.0477
1.84, 0.915544 0.0180509  0.450363,  5.26996 -0.725239 -0.591483,     1.34464     0.230764 -1.61706e-09,    1.30728   -0.162026 3.09478e-09,    0.625134     0.241682 -1.79759e-09,   0.616503   -0.182245 3.01538e-10,-22.548 2.51983 162.827,-48.2389 -49.2186  169.028,-11.9862 -9.70966  163.828,-59.8594 -47.7498  98.3692
1.85,  0.92656 0.0159979  0.437302,   5.5617 -0.782723 -0.370308,     1.34464     0.230764 -1.61706e-09,    1.30728   -0.162026 3.09478e-09,    0.625134     0.241682 -1.79759e-09,   0.616503   -0.182245 3.01538e-10, -36.7352 -0.832339   206.418,-66.7171  -55.536  226.296,-21.2075 -10.6705  189.446,-69.7989 -48.2109  132.271
1.86, 0.937053 0.0140204  0.424487,  5.76829 -0.826765 -0.170211,     1.34464     0.230764 -1.61706e-09,    1.30728   -0.162026 3.09478e-09,    0.625134     0.241682 -1.79759e-09,   0.616503   -0.182245 3.01538e-10,-55.0644 -8.06676  228.122,-83.6077 -49.2019   271.42,-34.1088 -8.88432  176.991,-66.3371 -31.4104  159.611
1.87, 0.946919 0.0121334  0.412166,   5.87278  -0.854481 0.00466112,     1.34464     0.230764 -1.61706e-09,    1.30728   -0.162026 3.09478e-09,    0.625134     0.241682 -1.79759e-09,   0.616503   -0.182245 3.01538e-10,-77.2374   -19.78  219.073,-96.9183 -26.7533  296.565,-50.7231 -3.63538  115.461,-45.5198  6.65801  175.893
1.88,0.956054 0.010352 0.400584,  5.8582 -0.86299 0.150158,     1.34464     0.230764 -1.61706e-09,    1.30728   -0.162026 3.09478e-09,    0.625134     0.241682 -1.79759e-09,   0.616503   -0.182245 3.01538e-10,-94.9394 -29.6521   205.64,-106.293 -6.23162  311.464,-64.1644   1.0981  58.1686,-25.9764    40.17  185.941
1.89,  0.964354 0.00869125   0.389986,   5.7076 -0.849409  0.262133,     1.34464     0.230764 -1.61706e-09,    1.30728   -0.162026 3.09478e-09,    0.625134     0.241682 -1.79759e-09,   0.616503   -0.182245 3.01538e-10,-105.561 -35.5753  197.581,-111.917  6.08139  320.404,-72.2292  3.93818  23.7932,-14.2504  60.2772  191.969
1.9,  0.971713 0.00716628   0.380618,  5.40401 -0.810858  0.336436,     1.34464     0.230764 -1.61706e-09,    1.30728   -0.162026 3.09478e-09,    0.625134     0.241682 -1.79759e-09,   0.616503   -0.182245 3.01538e-10,-109.101 -37.5498  194.895,-113.792  10.1857  323.383,-74.9174  4.88488  12.3347,-10.3417  66.9796  193.979
1.91,  0.978057 0.00578945   0.372665,  4.94025 -0.746037  0.370824,     1.34464     0.230764 -1.61706e-09,    1.30728   -0.162026 3.09478e-09,    0.625134     0.241682 -1.79759e-09,   0.616503   -0.182245 3.01538e-10,-105.561 -35.5753  197.581,-111.917  6.08139  320.404,-72.2292  3.93818  23.7932,-14.2504  60.2772  191.969
1.92,  0.983429 0.00456234   0.366065,  4.34825 -0.659973  0.370674,     1.34464     0.230764 -1.61706e-09,    1.30728   -0.162026 3.09478e-09,    0.625134     0.241682 -1.79759e-09,   0.616503   -0.182245 3.01538e-10,-94.9394 -29.6521   205.64,-106.293 -6.23162  311.464,-64.1644   1.0981  58.1686,-25.9764    40.17  185.941
1.93,  0.987899 0.00348383   0.360697,  3.66971 -0.559277   0.34327,     1.34464     0.230764 -1.61706e-09,    1.30728   -0.162026 3.09478e-09,    0.625134     0.241682 -1.79759e-09,   0.616503   -0.182245 3.01538e-10,-77.2374   -19.78  219.073,-96.9183 -26.7533  296.565,-50.7231 -3.63538  115.461,-45.5198  6.65801  175.893
1.94,  0.991541 0.00255278    0.35644,  2.94633 -0.450561  0.295892,     1.34464     0.230764 -1.61706e-09,    1.30728   -0.162026 3.09478e-09,    0.625134     0.241682 -1.79759e-09,   0.616503   -0.182245 3.01538e-10,-56.2444 -7.65179   232.21,-84.3985 -48.9164  274.657,-34.6906 -8.85917  179.051,-66.4724 -30.9751  160.473
1.95,  0.994425 0.00176806   0.353172,  2.21983 -0.340433  0.235823,     1.34464     0.230764 -1.61706e-09,    1.30728   -0.162026 3.09478e-09,    0.625134     0.241682 -1.79759e-09,   0.616503   -0.182245 3.01538e-10,-43.3217  1.48311  229.228,-71.1293 -53.9427   244.36,-24.4562 -10.5309   200.94, -70.554 -45.7839  137.084
1.96,  0.996623 0.00112855   0.350771,   1.5319 -0.235505  0.170346,     1.34464     0.230764 -1.61706e-09,    1.30728   -0.162026 3.09478e-09,    0.625134     0.241682 -1.79759e-09,   0.616503   -0.182245 3.01538e-10,-37.3901  7.73552  214.205,-58.1762 -45.6298  209.723,-19.3113 -9.39724  189.719,-61.5602 -42.2876   109.21
1.97,   0.998208 0.000633116    0.349115, 0.924251 -0.142387  0.106743,     1.34464     0.230764 -1.61706e-09,    1.30728   -0.162026 3.09478e-09,    0.625134     0.241682 -1.79759e-09,   0.616503   -0.182245 3.01538e-10,-36.385 11.6495 192.742,-46.4711 -29.5193  175.137,-17.8243  -6.5764  158.374,-44.9906 -27.4555  80.7499
1.98,   0.999252 0.000280633    0.348083,  0.438581 -0.0676902  0.0522963,     1.34464     0.230764 -1.61706e-09,    1.30728   -0.162026 3.09478e-09,    0.625134     0.241682 -1.79759e-09,   0.616503   -0.182245 3.01538e-10,-38.2419   13.769   170.44,-36.9456 -11.1531  144.994,-18.5637 -3.18654  119.893,-26.3448 -8.25676  55.5982
1.99, 0.999825 6.997e-05  0.347553,  0.116596 -0.0180243  0.0142878,     1.34464     0.230764 -1.61706e-09,    1.30728   -0.162026 3.09478e-09,    0.625134     0.241682 -1.79759e-09,   0.616503   -0.182245 3.01538e-10,-40.896 14.6383   152.9,-30.5315  3.92694  123.686,  -20.098 -0.345823   87.2618,-11.1223  8.33933  37.6515
2,          1 8.94467e-19    0.347403,           0  1.98785e-16 -3.97569e-16,     1.34464     0.230764 -1.61706e-09,    1.30728   -0.162026 3.09478e-09,    0.625134     0.241682 -1.79759e-09,   0.616503   -0.182245 3.01538e-10,-42.2827  14.8012  145.721,-28.1606   10.179  115.605,-20.9955 0.827571  73.4669,-4.82274  15.3636   30.806
